I
1000 Generated by WorldEditor 2.5.2r1

1    272 0 0 CYMX Mirabel Intl
100 61.00 2 0 0.25 1 2 1  06  45.67042117 -074.02176252 0 0 3 9 0 0 24  45.69371396 -073.98859453 0 0 3 9 0 0
100 61.00 2 0 0.25 1 2 1  11  45.67070406 -074.08886709 0 0 3 9 0 0 29  45.66587455 -074.04243472 0 0 3 9 0 0
110 1 0.00 0.0 New Taxiway 25
111  45.67979976 -074.02165075
112  45.67968951 -074.02099236  45.67956741 -074.02086037
111  45.67907028 -074.02104037
111  45.67992673 -074.01980572
112  45.68006372 -074.02052534  45.68027626 -074.02068451
113  45.68048164 -074.02069588
110 1 0.00 0.0 New Taxiway 23
111  45.67787180 -074.02447942
112  45.67782474 -074.02371584  45.67761030 -074.02349044
112  45.67717012 -074.02378022  45.67714190 -074.02380437
111  45.67819156 -074.02231518
112  45.67813888 -074.02303635  45.67826203 -074.02326391
113  45.67869945 -074.02328116
110 1 0.00 0.0 New Taxiway 21
112  45.68331184 -074.02413710  45.68324977 -074.02424981
112  45.68326104 -074.02478964  45.68327608 -074.02506336
111  45.68378063 -074.02569183
111  45.68143602 -074.02904937
112  45.68095334 -074.02847787  45.68062039 -074.02819610
113  45.68041726 -074.02831976
110 1 0.00 0.0 New Taxiway 19
111  45.68336061 -074.02290012
111  45.68333709 -074.02155837
111  45.68290444 -074.02155167
111  45.68262697 -074.02111561
111  45.68260345 -074.02056550
111  45.68167701 -074.02049175
111  45.68048164 -074.02069588
111  45.68211178 -074.01838917
111  45.68262439 -074.01905331
112  45.68461364 -074.02193127  45.68464969 -074.02204998
111  45.68459954 -074.02230026
113  45.68379236 -074.02346649
110 1 0.00 0.0 New Taxiway 18
111  45.67979976 -074.02165075
111  45.68048164 -074.02069588
111  45.68167701 -074.02049175
111  45.68172786 -074.02169540
111  45.68219343 -074.02166185
111  45.68247559 -074.02214487
111  45.68246149 -074.02286940
111  45.68336061 -074.02290012
111  45.68379236 -074.02346649
113  45.68235816 -074.02552140
110 1 0.00 0.0 New Taxiway 17
111  45.68085985 -074.02244774
111  45.68235816 -074.02552140
111  45.68122803 -074.02720307
111  45.68140811 -074.02564474
111  45.68140159 -074.02432167
111  45.68097377 -074.02433565
111  45.68066352 -074.02388842
111  45.68067004 -074.02328280
111  45.67977849 -074.02328748
111  45.67847211 -074.02357343
113  45.67979976 -074.02165075
110 1 0.00 0.0 New Taxiway 16
111  45.67847211 -074.02357343
111  45.67977849 -074.02328748
111  45.67976543 -074.02456858
111  45.68018672 -074.02455461
111  45.68048717 -074.02502513
111  45.68049981 -074.02565232
111  45.68140811 -074.02564474
113  45.68122803 -074.02720307
110 1 0.00 0.0 New Taxiway 15
111  45.67847211 -074.02357343
111  45.68122803 -074.02720307
111  45.67986054 -074.02909430
111  45.67946189 -074.02840009
111  45.67946869 -074.02710281
111  45.67902192 -074.02708341
111  45.67873163 -074.02664991
111  45.67871802 -074.02602878
111  45.67780405 -074.02603527
111  45.67721275 -074.02604695
113  45.67673102 -074.02608202
110 1 0.00 0.0 New Taxiway 14
111  45.67610211 -074.02606733
111  45.67780405 -074.02603527
111  45.67781412 -074.02734400
111  45.67646538 -074.02682075
113  45.67602194 -074.02665560
110 1 0.00 0.0 New Taxiway 13
111  45.67602648 -074.02665625
112  45.67648310 -074.02676640  45.67653953 -074.02686031
111  45.67781312 -074.02734544
111  45.67824176 -074.02734545
111  45.67855318 -074.02779964
111  45.67855926 -074.02839036
111  45.67946189 -074.02840009
111  45.67986054 -074.02909430
111  45.67911279 -074.03019444
112  45.67888706 -074.03027493  45.67880711 -074.03022797
111  45.67757031 -074.02844361
113  45.67651219 -074.02694105
110 1 0.00 0.0 New Taxiway 12
111  45.68336061 -074.02290012
111  45.68246149 -074.02286940
111  45.68247559 -074.02214487
111  45.68219343 -074.02166185
111  45.68172786 -074.02169540
111  45.68167701 -074.02049175
111  45.68260345 -074.02056550
111  45.68262697 -074.02111561
111  45.68290444 -074.02155167
113  45.68333709 -074.02155837
110 1 0.00 0.0 New Taxiway 11
111  45.68140811 -074.02564474
111  45.68049370 -074.02564938
111  45.68048717 -074.02502513
111  45.68018672 -074.02455461
111  45.67976543 -074.02456858
111  45.67977849 -074.02328748
111  45.68067004 -074.02328280
111  45.68066352 -074.02388842
111  45.68097377 -074.02433565
113  45.68140159 -074.02432167
110 1 0.00 0.0 New Taxiway 10
111  45.67946189 -074.02840009
111  45.67855926 -074.02839036
111  45.67855318 -074.02779964
111  45.67824176 -074.02734545
111  45.67781312 -074.02734544
111  45.67780405 -074.02603527
111  45.67871802 -074.02602878
111  45.67873163 -074.02664991
111  45.67902192 -074.02708341
113  45.67946869 -074.02710281
110 1 0.00 0.0 New Taxiway 17
111  45.67177269 -074.01762457
111  45.67115405 -074.01851340
111  45.67079523 -074.01798450
113  45.67138526 -074.01710443
110 1 0.00 0.0 New Taxiway 37
111  45.68992104 -074.00278878
112  45.68999047 -074.00271116  45.69004643 -074.00265350
112  45.69041171 -074.00197045  45.69071005 -074.00136151
111  45.69116357 -074.00026006
111  45.69138320 -074.00031599
112  45.69070255 -074.00209849  45.69044485 -074.00270732
113  45.69004332 -074.00316800
110 1 0.00 0.0 New Taxiway 21
111  45.67394805 -074.03220493
112  45.67407429 -074.03251251  45.67413677 -074.03259275
111  45.67427440 -074.03256982
111  45.67462917 -074.03122622
112  45.67502149 -074.03132523  45.67504244 -074.03135664
111  45.67502503 -074.03153928
111  45.67542149 -074.03150078
111  45.67554634 -074.03313642
111  45.67523906 -074.03336275
111  45.67483139 -074.03343665
111  45.67421575 -074.03303018
112  45.67399716 -074.03292497  45.67391201 -074.03294062
113  45.67375219 -074.03297618
110 1 0.00 0.0 New Taxiway 20
111  45.67327755 -074.04352382
111  45.68057694 -074.04183900
111  45.68078344 -074.04386625
111  45.67686986 -074.04470554
112  45.67669226 -074.04336620  45.67658533 -074.04308206
113  45.67331849 -074.04383526
110 1 0.00 0.0 New Taxiway 7
111  45.68163076 -074.01695729
112  45.68181267 -074.01643417  45.68180377 -074.01622857
112  45.68171440 -074.01593180  45.68161509 -074.01583633
112  45.68129125 -074.01584249  45.68116388 -074.01591949
112  45.68101815 -074.01608137  45.68096201 -074.01614912
112  45.68247617 -074.01394720  45.68242652 -074.01406731
112  45.68193460 -074.01506334  45.68190870 -074.01541751
112  45.68196147 -074.01552658  45.68199259 -074.01557338
112  45.68216128 -074.01570393  45.68230377 -074.01575320
112  45.68245921 -074.01560846  45.68252614 -074.01553762
112  45.68266856 -074.01538421  45.68274196 -074.01530544
113  45.68290986 -074.01512624
110 1 0.00 0.0 New Taxiway 4
111  45.67905143 -074.02065266
112  45.67912138 -074.02017225  45.67911361 -074.02005400
112  45.67895922 -074.01972120  45.67882768 -074.01963177
112  45.67850998 -074.01974727  45.67839081 -074.01991726
111  45.67829204 -074.01997883
111  45.67963950 -074.01806213
112  45.67941153 -074.01856103  45.67932086 -074.01876059
112  45.67924228 -074.01905191  45.67923580 -074.01915292
112  45.67936533 -074.01946581  45.67948796 -074.01959946
112  45.67979706 -074.01938942  45.67987348 -074.01933399
113  45.68002245 -074.01924133
110 1 0.00 0.0 New Taxiway 3
112  45.67711216 -074.02338832  45.67710946 -074.02338377
112  45.67712128 -074.02291697  45.67709952 -074.02269525
112  45.67679175 -074.02242918  45.67668605 -074.02244692
112  45.67646996 -074.02256242  45.67637359 -074.02264224
112  45.67769097 -074.02083939  45.67768175 -074.02085227
112  45.67730144 -074.02167627  45.67727346 -074.02174722
112  45.67729998 -074.02201370  45.67732142 -074.02206611
112  45.67748898 -074.02231490  45.67758232 -074.02236222
114  45.67796341 -074.02217610  45.67801936 -074.02210072
110 1 0.00 0.0 New Taxiway 47
111  45.67788613 -074.02009583
112  45.67828344 -074.01928077  45.67833939 -074.01912116
112  45.67820899 -074.01858046  45.67801501 -074.01824532
111  45.67786737 -074.01799019
111  45.67727286 -074.01711686
112  45.67709654 -074.01667592  45.67704921 -074.01653022
112  45.67700781 -074.01626361  45.67700273 -074.01614027
111  45.67698238 -074.01593714
111  45.67750042 -074.01382236
112  45.67731340 -074.01494029  45.67723987 -074.01538453
112  45.67723878 -074.01623635  45.67728964 -074.01658906
112  45.67765609 -074.01706186  45.67770305 -074.01716824
112  45.67868396 -074.01850601  45.67889818 -074.01853622
114  45.67937795 -074.01795392  45.67941355 -074.01793215
110 1 0.00 0.0 New Taxiway 46
111  45.67604103 -074.02269350
112  45.67641019 -074.02201657  45.67646293 -074.02185110
112  45.67645239 -074.02168562  45.67635748 -074.02145996
112  45.67615710 -074.02106881  45.67612547 -074.02099359
112  45.67589250 -074.01968542  45.67595357 -074.01895212
111  45.67630482 -074.01769907
111  45.67757031 -074.01276469
111  45.67783393 -074.01175673
111  45.67818181 -074.01126689
112  45.67789446 -074.01229280  45.67781732 -074.01257467
112  45.67750042 -074.01382236  45.67734722 -074.01446132
112  45.67712343 -074.01542727  45.67696524 -074.01604908
112  45.67651056 -074.01799601  45.67639015 -074.01847016
112  45.67619229 -074.01975502  45.67618349 -074.02043197
112  45.67641292 -074.02089950  45.67658019 -074.02122068
112  45.67695790 -074.02120671  45.67708888 -074.02113884
113  45.67748598 -074.02069280
110 1 0.00 0.0 New Taxiway 45
111  45.68095868 -074.00913556
111  45.68165388 -074.00632642
112  45.68214606 -074.00562553  45.68213335 -074.00565576
112  45.68204049 -074.00591734  45.68195482 -074.00615094
112  45.68186719 -074.00645060  45.68179581 -074.00667607
113  45.68121890 -074.00900400
110 1 0.00 0.0 New Taxiway 44
111  45.68065223 -074.01619542
112  45.68098622 -074.01535544  45.68103016 -074.01524260
112  45.68101259 -074.01487902  45.68083682 -074.01456558
112  45.68050422 -074.01413816  45.68028588 -074.01368363
112  45.68015709 -074.01262009  45.68017466 -074.01233174
112  45.68026522 -074.01175948  45.68033553 -074.01148366
112  45.68054095 -074.01063869  45.68065975 -074.01020166
112  45.68084348 -074.00951940  45.68086984 -074.00941910
112  45.68112130 -074.00937357  45.68108479 -074.00955421
112  45.68073720 -074.01091035  45.68054068 -074.01170891
112  45.68051400 -074.01286052  45.68061193 -074.01358564
112  45.68102705 -074.01429448  45.68122919 -074.01456852
112  45.68147840 -074.01464082  45.68163660 -074.01462829
112  45.68194421 -074.01416440  45.68211120 -074.01396380
114  45.68232783 -074.01374767  45.68240693 -074.01365990
110 1 0.00 0.0 New Taxiway 42
111  45.67260665 -074.03198398
111  45.67269820 -074.03146892
112  45.67273889 -074.03100465  45.67270838 -074.03090309
112  45.67258122 -074.03063468  45.67249476 -074.03059841
111  45.67186408 -074.03019217
112  45.67170175 -074.02996629  45.67163789 -074.02981113
112  45.67159408 -074.02948127  45.67157289 -074.02932772
111  45.67160580 -074.02909760
111  45.67166571 -074.02892269
111  45.67148767 -074.02784183
111  45.67200140 -074.02587607
111  45.67254054 -074.02533200
111  45.67266769 -074.02483145
111  45.67260157 -074.02462049
111  45.67326428 -074.02497162
112  45.67304166 -074.02518046  45.67292054 -074.02537792
111  45.67294234 -074.02558590
111  45.67300167 -074.02596606
111  45.67307966 -074.02643466
111  45.67260157 -074.02841499
111  45.67204717 -074.02896630
111  45.67194654 -074.02932121
112  45.67199012 -074.02956413  45.67203295 -074.02965531
112  45.67212649 -074.02978596  45.67219485 -074.02985295
111  45.67245427 -074.02998722
112  45.67286956 -074.03006613  45.67305551 -074.03002632
113  45.67335631 -074.02911058
110 1 0.00 0.0 New Taxiway 40
111  45.67366341 -074.03236837
112  45.67375622 -074.03187178  45.67376800 -074.03177102
112  45.67379155 -074.03140578  45.67376170 -074.03129437
112  45.67352269 -074.03110479  45.67339540 -074.03104793
111  45.67307780 -074.03123909
111  45.67344617 -074.02974998
112  45.67341185 -074.03014214  45.67341774 -074.03030167
112  45.67361494 -074.03061233  45.67372245 -074.03067130
112  45.67401966 -074.03053816  45.67409962 -074.03043320
113  45.67437849 -074.02964879
110 1 0.00 0.0 New Taxiway 39
111  45.67242687 -074.03707490
112  45.67236180 -074.03636085  45.67228822 -074.03619293
112  45.67201583 -074.03624615  45.67193244 -074.03629863
112  45.67176156 -074.03650378  45.67175665 -074.03651078
111  45.67167519 -074.03659425
111  45.67225181 -074.03439472
112  45.67211885 -074.03508122  45.67210332 -074.03520017
112  45.67210863 -074.03538791  45.67213684 -074.03555350
112  45.67232611 -074.03571443  45.67242259 -074.03578848
112  45.67265806 -074.03573659  45.67275412 -074.03567362
112  45.67279500 -074.03557625  45.67284406 -074.03547129
113  45.67288285 -074.03533826
110 1 0.00 0.0 New Taxiway 37
111  45.66800537 -074.05567341
112  45.67037248 -074.04705859  45.67039455 -074.04697463
112  45.67055562 -074.04626448  45.67058915 -074.04607791
112  45.67064393 -074.04574673  45.67066232 -074.04562604
111  45.67062297 -074.04476871
111  45.67078864 -074.04638340
111  45.67075921 -074.04653733
111  45.67011842 -074.04884700
113  45.66821281 -074.05573408
110 1 0.00 0.0 New Taxiway 36
111  45.66765753 -074.05689052
111  45.66784854 -074.05784360
113  45.66785223 -074.05876101
110 1 0.00 0.0 New Taxiway 35
111  45.66765753 -074.05689052
111  45.66800537 -074.05567341
111  45.66821281 -074.05573408
112  45.66812914 -074.05606563  45.66810998 -074.05612872
112  45.66801014 -074.05664763  45.66798838 -074.05675189
112  45.66790653 -074.05729543  45.66788547 -074.05745772
113  45.66784854 -074.05784360
110 1 0.00 0.0 New Taxiway 34
112  45.67424956 -074.02493435  45.67426180 -074.02493209
112  45.67453417 -074.02475868  45.67469664 -074.02458034
112  45.67479625 -074.02442299  45.67493188 -074.02424163
112  45.67508334 -074.02403521  45.67515567 -074.02394775
111  45.67601874 -074.02272291
111  45.67749177 -074.02065808
111  45.68061547 -074.01619030
111  45.68232783 -074.01374767
111  45.68247617 -074.01394720
111  45.68101815 -074.01608137
111  45.67769097 -074.02083939
112  45.67554281 -074.02384058  45.67547075 -074.02394335
112  45.67529559 -074.02418178  45.67522778 -074.02427975
112  45.67507725 -074.02457050  45.67502639 -074.02469141
112  45.67496324 -074.02498855  45.67495128 -074.02510596
113  45.67499467 -074.02532018
110 1 0.00 0.0 New Taxiway 33
111  45.67010301 -074.04128553
112  45.67014437 -074.04119111  45.67016584 -074.04114771
112  45.67030534 -074.04071742  45.67039330 -074.04045448
112  45.67049342 -074.04014816  45.67053614 -074.04002629
111  45.67260405 -074.03199895
112  45.67392863 -074.02690941  45.67393711 -074.02686709
112  45.67405155 -074.02630487  45.67410241 -074.02597237
112  45.67410240 -074.02581519  45.67409951 -074.02572527
112  45.67405914 -074.02545734  45.67403188 -074.02543584
111  45.67470011 -074.02594654
112  45.67457547 -074.02606491  45.67449110 -074.02612508
112  45.67437509 -074.02645603  45.67431182 -074.02656134
112  45.67410090 -074.02717811  45.67404817 -074.02729845
111  45.67307780 -074.03123909
111  45.67167519 -074.03659425
112  45.67117282 -074.03851902  45.67113456 -074.03868484
112  45.67095648 -074.03935931  45.67091282 -074.03954892
112  45.67078250 -074.04014647  45.67076182 -074.04026763
112  45.67070915 -074.04055740  45.67068882 -074.04071039
112  45.67068711 -074.04083787  45.67068412 -074.04090223
113  45.67069047 -074.04098078
110 1 0.00 0.0 New Taxiway 32
111  45.67513671 -074.02626384
111  45.67471188 -074.02595575
111  45.67378519 -074.02524769
111  45.67241092 -074.02451939
111  45.67139777 -074.02451938
111  45.67080574 -074.02370111
111  45.67079352 -074.02229092
111  45.67061425 -074.02204110
111  45.67100009 -074.02149252
112  45.67116516 -074.02191905  45.67123806 -074.02204294
112  45.67129989 -074.02219187  45.67136479 -074.02235075
112  45.67141436 -074.02243967  45.67148590 -074.02259126
112  45.67159951 -074.02280115  45.67170545 -074.02299695
112  45.67219884 -074.02360688  45.67244399 -074.02384481
112  45.67314914 -074.02437495  45.67319491 -074.02438946
113  45.67545035 -074.02555537
110 1 0.00 0.0 New Taxiway 31
111  45.67608831 -074.02484687
111  45.68290986 -074.01512624
111  45.68305473 -074.01533594
113  45.67624187 -074.02512929
110 1 0.00 0.0 New Taxiway 30
111  45.67485737 -074.02782723
112  45.67491433 -074.02756634  45.67493548 -074.02748468
112  45.67503388 -074.02693144  45.67508324 -074.02662911
112  45.67513671 -074.02626384  45.67514723 -074.02617330
112  45.67545035 -074.02555537  45.67553512 -074.02550096
112  45.67563751 -074.02535728  45.67570932 -074.02528366
112  45.67588886 -074.02506267  45.67596362 -074.02495269
111  45.67608831 -074.02484687
112  45.67624187 -074.02512929  45.67622068 -074.02515951
112  45.67612183 -074.02538609  45.67606583 -074.02549911
112  45.67602519 -074.02574162  45.67602489 -074.02587107
111  45.67610211 -074.02606733
111  45.67602648 -074.02665625
112  45.67586705 -074.02661252  45.67581595 -074.02660378
112  45.67568104 -074.02661544  45.67560950 -074.02664168
112  45.67548278 -074.02681370  45.67546029 -074.02683993
112  45.67526203 -074.02738512  45.67523545 -074.02744343
112  45.67514756 -074.02766209  45.67513325 -074.02769999
113  45.67505389 -074.02791016
110 1 0.00 0.0 New Taxiway 29
111  45.67158502 -074.04027370
111  45.67485737 -074.02782723
111  45.67505389 -074.02791016
113  45.67180829 -074.04055035
110 1 0.00 0.0 New Taxiway 27
111  45.66935148 -074.06146379
111  45.66785223 -074.05876101
111  45.66784854 -074.05784360
112  45.66804279 -074.05842660  45.66814822 -074.05872521
112  45.66838799 -074.05923837  45.66850078 -074.05949191
111  45.66888258 -074.06018673
113  45.66943766 -074.06115292
110 1 0.00 0.0 New Taxiway 26
111  45.67177713 -074.06491975
112  45.67154066 -074.06481544  45.67145768 -074.06475817
112  45.67110435 -074.06451765  45.67095980 -074.06438021
112  45.67072157 -074.06400608  45.67060647 -074.06381520
111  45.66950676 -074.06177810
111  45.66959725 -074.06144276
111  45.67074503 -074.06351404
112  45.67120295 -074.06422167  45.67135144 -074.06437722
112  45.67169787 -074.06455639  45.67182689 -074.06462896
113  45.67206276 -074.06466103
110 1 0.00 0.0 New Taxiway 25
111  45.66853653 -074.06440278
111  45.66973776 -074.06007054
112  45.67121523 -074.05469768  45.67124980 -074.05456543
112  45.67136787 -074.05394561  45.67139318 -074.05374736
111  45.67145912 -074.05283440
111  45.67160809 -074.05427354
111  45.67033978 -074.05869186
113  45.66885341 -074.06419843
110 1 0.00 0.0 New Taxiway 23
111  45.66846279 -074.06462940
111  45.66865252 -074.06557652
113  45.66866387 -074.06656217
110 1 0.00 0.0 New Taxiway 22
111  45.66846279 -074.06462940
111  45.66853653 -074.06440278
112  45.66885385 -074.06419741  45.66885414 -074.06419598
112  45.66880267 -074.06450289  45.66879062 -074.06457348
112  45.66874815 -074.06481981  45.66873987 -074.06488379
112  45.66869041 -074.06524475  45.66866821 -074.06537741
113  45.66865252 -074.06557652
110 1 0.00 0.0 New Taxiway 21
111  45.67015503 -074.06918247
111  45.66866387 -074.06656217
111  45.66865252 -074.06557652
112  45.66878413 -074.06593444  45.66883376 -074.06609148
112  45.66913613 -074.06682080  45.66933106 -074.06726584
112  45.66958220 -074.06772235  45.66969572 -074.06793152
111  45.66989870 -074.06828516
113  45.67022521 -074.06893154
110 1 0.00 0.0 New Taxiway 20
111  45.67309415 -074.06843417
112  45.67285082 -074.06891806  45.67277066 -074.06908671
112  45.67238766 -074.06955343  45.67208342 -074.06987450
112  45.67138676 -074.07000576  45.67099822 -074.06995825
112  45.67084121 -074.06983085  45.67066773 -074.06973885
112  45.67048555 -074.06958838  45.67042910 -074.06954542
111  45.67031766 -074.06939774
111  45.67040726 -074.06907219
112  45.67054812 -074.06920297  45.67064106 -074.06927863
112  45.67082370 -074.06942550  45.67091224 -074.06947069
112  45.67176748 -074.06955437  45.67240516 -074.06931846
112  45.67261303 -074.06881352  45.67277085 -074.06852835
112  45.67285917 -074.06806787  45.67292356 -074.06778998
113  45.67298584 -074.06730539
110 1 0.00 0.0 New Taxiway 19
111  45.66948511 -074.07157517
111  45.66953251 -074.07140781
111  45.67053161 -074.06783620
112  45.67087161 -074.06661650  45.67089267 -074.06652503
112  45.67107576 -074.06591748  45.67116901 -074.06566098
112  45.67132871 -074.06540205  45.67144519 -074.06524696
112  45.67155842 -074.06512478  45.67167165 -074.06500260
111  45.67177713 -074.06491975
112  45.67206276 -074.06466103  45.67206223 -074.06466097
112  45.67231664 -074.06461507  45.67240803 -074.06456580
112  45.67255639 -074.06425465  45.67260967 -074.06414065
111  45.67263116 -074.06402306
112  45.67272821 -074.06487757  45.67272687 -074.06487772
112  45.67242230 -074.06492587  45.67229972 -074.06496461
112  45.67180338 -074.06523409  45.67163904 -074.06535796
112  45.67133753 -074.06586970  45.67127759 -074.06599320
112  45.67113845 -074.06644178  45.67109682 -074.06658098
111  45.67061153 -074.06833005
113  45.66972509 -074.07155044
110 1 0.00 0.0 New Taxiway 18
111  45.66946879 -074.07430444
111  45.66926650 -074.07235818
113  45.66946377 -074.07330900
110 1 0.00 0.0 New Taxiway 17
112  45.66966115 -074.07184273  45.66960906 -074.07204200
112  45.66956308 -074.07235152  45.66952564 -074.07256596
112  45.66950362 -074.07272035  45.66948764 -074.07283955
112  45.66947297 -074.07308210  45.66946071 -074.07321664
111  45.66946377 -074.07330900
111  45.66926650 -074.07235818
111  45.66948511 -074.07157517
113  45.66972509 -074.07155044
110 1 0.00 0.0 New Taxiway 15
111  45.67386037 -074.07623619
112  45.67366597 -074.07663698  45.67361368 -074.07674880
112  45.67349558 -074.07693938  45.67339736 -074.07708443
112  45.67335125 -074.07714656  45.67325395 -074.07727585
112  45.67295705 -074.07752195  45.67270935 -074.07768454
112  45.67243592 -074.07771575  45.67219077 -074.07772234
112  45.67176061 -074.07762337  45.67156171 -074.07753101
112  45.67126569 -074.07730671  45.67104367 -074.07708900
112  45.67071988 -074.07655464  45.67055337 -074.07626437
112  45.67038222 -074.07592793  45.67026196 -074.07569704
112  45.66992893 -074.07511654  45.66983642 -074.07495162
112  45.66959127 -074.07449644  45.66953114 -074.07439748
111  45.66946879 -074.07430444
111  45.66946377 -074.07330900
112  45.66967991 -074.07387081  45.66980557 -074.07417426
112  45.66996516 -074.07458217  45.67002529 -074.07468112
112  45.67022573 -074.07508133  45.67028586 -074.07521107
112  45.67054643 -074.07561789  45.67064125 -074.07579051
112  45.67094267 -074.07632817  45.67108452 -074.07653267
112  45.67165885 -074.07717475  45.67179299 -074.07725391
112  45.67220928 -074.07732648  45.67238042 -074.07733968
112  45.67269800 -074.07722964  45.67292665 -074.07712820
112  45.67338716 -074.07657441  45.67359650 -074.07621788
112  45.67365233 -074.07580277  45.67368769 -074.07565093
111  45.67369867 -074.07532091
113  45.67369824 -074.07490289
110 1 0.00 0.0 New Taxiway 14
111  45.67148920 -074.04281168
111  45.67148391 -074.04269101
112  45.67144858 -074.04244362  45.67142288 -074.04231993
112  45.67139496 -074.04218257  45.67136938 -074.04207126
112  45.67130073 -074.04195026  45.67126218 -074.04189529
112  45.67115300 -074.04182527  45.67108876 -074.04182069
112  45.67094428 -074.04189386  45.67086076 -074.04193967
112  45.67078688 -074.04207711  45.67071943 -074.04214125
111  45.67071300 -074.04229243
112  45.67069047 -074.04098078  45.67070930 -074.04104428
112  45.67083283 -074.04111632  45.67088744 -074.04116429
112  45.67098648 -074.04115464  45.67105866 -074.04115078
112  45.67122068 -074.04109274  45.67129000 -074.04105076
112  45.67136110 -074.04094478  45.67142213 -074.04080756
112  45.67144215 -074.04071646  45.67147106 -074.04062025
111  45.67158502 -074.04027370
111  45.67180829 -074.04055035
111  45.67183949 -074.04056377
112  45.67178469 -074.04082284  45.67175578 -074.04093738
112  45.67173098 -074.04114252  45.67171813 -074.04120920
112  45.67168412 -074.04165563  45.67168628 -074.04171541
112  45.67170876 -074.04219165  45.67172273 -074.04228356
112  45.67176555 -074.04248471  45.67177839 -074.04254426
113  45.67180459 -074.04267824
110 1 0.00 0.0 New Taxiway 13
111  45.67181223 -074.04554509
112  45.67171360 -074.04497779  45.67170607 -074.04491565
112  45.67162181 -074.04468833  45.67157788 -074.04459372
112  45.67144104 -074.04445365  45.67138707 -074.04442616
112  45.67119324 -074.04441703  45.67116625 -074.04442252
112  45.67102749 -074.04452148  45.67097218 -074.04459844
112  45.67095168 -074.04474718  45.67089991 -074.04486649
112  45.67092707 -074.04570636  45.67092321 -074.04577783
111  45.67075708 -074.04353763
112  45.67090666 -074.04376473  45.67098228 -074.04383789
112  45.67113542 -074.04386177  45.67126906 -074.04386180
111  45.67134742 -074.04378481
112  45.67145535 -074.04359239  45.67149395 -074.04350075
112  45.67150416 -074.04344025  45.67151316 -074.04337059
112  45.67150158 -074.04320178  45.67149638 -074.04312477
112  45.67149474 -074.04297574  45.67149195 -074.04291210
111  45.67148920 -074.04281168
111  45.67180459 -074.04267824
112  45.67189862 -074.04308660  45.67194487 -074.04321305
112  45.67214520 -074.04350687  45.67223546 -074.04352977
112  45.67239478 -074.04354718  45.67253804 -074.04355695
112  45.67272349 -074.04355940  45.67285686 -074.04356489
112  45.67299022 -074.04355720  45.67308890 -074.04355939
112  45.67327755 -074.04352382  45.67328988 -074.04352133
112  45.67331849 -074.04383526  45.67330936 -074.04383779
112  45.67313364 -074.04388770  45.67309588 -074.04390102
112  45.67284675 -074.04400558  45.67268957 -074.04407112
112  45.67254943 -074.04413752  45.67238004 -074.04422462
112  45.67225191 -074.04433437  45.67215272 -074.04443422
112  45.67208829 -074.04460311  45.67205037 -074.04476832
112  45.67206375 -074.04493320  45.67205990 -074.04509813
112  45.67206489 -074.04523496  45.67206575 -074.04535499
113  45.67207133 -074.04543983
110 1 0.00 0.0 New Taxiway 12
111  45.67072453 -074.04574056
111  45.67045645 -074.04319645
111  45.67075708 -074.04353763
113  45.67092707 -074.04570636
110 1 0.00 0.0 New Taxiway 11
111  45.67160809 -074.05427354
111  45.67072453 -074.04574056
111  45.67092707 -074.04570636
113  45.67181329 -074.05422882
110 1 0.00 0.0 New Taxiway 10
111  45.66927646 -074.04163859
112  45.66936390 -074.04160803  45.66943606 -074.04158594
112  45.66959573 -074.04154451  45.66970498 -074.04150984
112  45.66985790 -074.04142411  45.66993715 -074.04138637
112  45.67010301 -074.04128553  45.67023971 -074.04118814
111  45.67069047 -074.04098078
111  45.67072378 -074.04294405
111  45.67075708 -074.04353763
112  45.67045645 -074.04319645  45.67043348 -074.04317230
112  45.67035779 -074.04270515  45.67034882 -074.04266271
112  45.67026640 -074.04223440  45.67024231 -074.04215041
112  45.67006029 -074.04202061  45.66999070 -074.04196717
111  45.66986756 -074.04196717
112  45.66959825 -074.04196855  45.66947244 -074.04198965
113  45.66934840 -074.04199194
110 1 0.00 0.0 New Taxiway 9
111  45.66614590 -074.04237676
111  45.66643201 -074.04232129
111  45.66740849 -074.04101572
111  45.66789031 -074.04092409
112  45.66849098 -074.04146922  45.66858413 -074.04154252
112  45.66878328 -074.04163872  45.66896316 -074.04170286
111  45.66927646 -074.04163859
111  45.66934840 -074.04199194
111  45.66729215 -074.04244549
113  45.66621798 -074.04306922
110 1 0.00 0.0 New Taxiway 8
111  45.67253881 -074.06319883
111  45.67160809 -074.05427354
111  45.67181329 -074.05422882
113  45.67274026 -074.06318890
110 1 0.00 0.0 New Taxiway 7
111  45.67267523 -074.05393434
111  45.67181223 -074.04554509
111  45.67207133 -074.04543983
113  45.67288951 -074.05392306
110 1 0.00 0.0 New Taxiway 6
111  45.67362305 -074.06301921
111  45.67267523 -074.05393434
111  45.67288951 -074.05392306
111  45.67298404 -074.05487430
113  45.67383372 -074.06300374
110 1 0.00 0.0 New Taxiway 5
111  45.67269671 -074.06460777
111  45.67253881 -074.06319883
111  45.67274026 -074.06318890
113  45.67289809 -074.06443545
110 1 0.00 0.0 New Taxiway 4
111  45.67288076 -074.06619975
111  45.67283346 -074.06577445
111  45.67269671 -074.06460777
111  45.67289809 -074.06443545
112  45.67322401 -074.06434000  45.67328654 -074.06432540
112  45.67335196 -074.06431786  45.67341737 -074.06431032
112  45.67347868 -074.06425255  45.67352711 -074.06419556
112  45.67357184 -074.06411649  45.67360022 -074.06404671
112  45.67361530 -074.06391977  45.67362577 -074.06387054
112  45.67363640 -074.06364635  45.67364413 -074.06355752
112  45.67363389 -074.06329539  45.67363079 -074.06317166
111  45.67362751 -074.06311466
111  45.67362305 -074.06301921
111  45.67383372 -074.06300374
111  45.67397158 -074.06433159
111  45.67399446 -074.06458311
112  45.67383062 -074.06462766  45.67377640 -074.06465417
112  45.67356418 -074.06473592  45.67350842 -074.06475580
111  45.67337567 -074.06480165
112  45.67324818 -074.06486186  45.67322184 -074.06487972
112  45.67315523 -074.06495244  45.67312782 -074.06499375
112  45.67306040 -074.06510992  45.67304370 -074.06514545
112  45.67303071 -074.06526697  45.67302881 -074.06530883
111  45.67302976 -074.06560863
113  45.67304712 -074.06616574
110 1 0.00 0.0 New Taxiway 1
111  45.67369929 -074.07490150
112  45.67365459 -074.07424800  45.67364089 -074.07391856
111  45.67334286 -074.07099913
111  45.67287927 -074.06619993
111  45.67304712 -074.06616574
111  45.67383841 -074.07372901
111  45.67387960 -074.07428426
113  45.67392406 -074.07487896
110 1 0.00 0.0 New Taxiway 10
111  45.67386528 -074.07731665
111  45.67389749 -074.07654110
111  45.67369824 -074.07490289
111  45.67392406 -074.07487896
111  45.67395878 -074.07519163
111  45.67400168 -074.07554002
111  45.67405346 -074.07596191
111  45.67408365 -074.07616702
111  45.67409246 -074.07621559
112  45.67411527 -074.07641224  45.67412048 -074.07649002
111  45.67411963 -074.07655575
111  45.67411915 -074.07664055
113  45.67403394 -074.07737237
110 1 0.00 0.0 New Taxiway 9
111  45.67322770 -074.08239091
111  45.67386495 -074.07731757
111  45.67403727 -074.07737513
113  45.67343159 -074.08241005
110 1 0.00 0.0 New Taxiway 8
111  45.67312629 -074.08321318
111  45.67322770 -074.08239091
112  45.67343159 -074.08241005  45.67343586 -074.08241051
112  45.67340998 -074.08269877  45.67339400 -074.08285324
112  45.67358450 -074.08285839  45.67368895 -074.08284995
112  45.67405645 -074.08279593  45.67424819 -074.08275288
111  45.67458609 -074.08268453
111  45.67475772 -074.08265159
112  45.67501398 -074.08259896  45.67506547 -074.08258494
112  45.67513500 -074.08258503  45.67513620 -074.08260329
112  45.67515029 -074.08286077  45.67514984 -074.08288234
112  45.67494475 -074.08290434  45.67479459 -074.08293663
112  45.67473814 -074.08294928  45.67465176 -074.08296278
112  45.67452677 -074.08299802  45.67444396 -074.08302163
112  45.67428862 -074.08303973  45.67415901 -074.08306927
112  45.67414679 -074.08307407  45.67405633 -074.08309750
112  45.67397796 -074.08311555  45.67388788 -074.08313636
112  45.67355704 -074.08317223  45.67339746 -074.08314995
111  45.67336651 -074.08317926
113  45.67332868 -074.08324660
110 1 0.00 0.0 New Taxiway 7
111  45.67274341 -074.08649882
111  45.67312629 -074.08321318
111  45.67332868 -074.08324660
111  45.67308319 -074.08536856
111  45.67302401 -074.08588554
111  45.67301661 -074.08593126
111  45.67305113 -074.08595588
113  45.67296706 -074.08656670
110 1 0.00 0.0 New Taxiway 6
111  45.67241305 -074.08781892
112  45.67246799 -074.08766911  45.67248354 -074.08762398
112  45.67252401 -074.08744974  45.67253717 -074.08739238
112  45.67257408 -074.08721082  45.67259668 -074.08709945
112  45.67262375 -074.08700383  45.67265640 -074.08687002
112  45.67267511 -074.08677054  45.67269808 -074.08663479
111  45.67270696 -074.08649973
111  45.67274341 -074.08649882
111  45.67284275 -074.08652895
111  45.67289458 -074.08654475
112  45.67296706 -074.08656670  45.67299051 -074.08657108
111  45.67300965 -074.08657444
112  45.67299403 -074.08672332  45.67298751 -074.08679318
112  45.67297923 -074.08693495  45.67298279 -074.08700394
112  45.67299244 -074.08712191  45.67299704 -074.08717119
111  45.67300213 -074.08727040
111  45.67300497 -074.08736462
111  45.67300594 -074.08749033
111  45.67300773 -074.08762211
113  45.67301154 -074.08778992
110 1 0.00 0.0 New Taxiway 5
111  45.67089377 -074.08802310
112  45.67092747 -074.08802847  45.67094271 -074.08803051
112  45.67099374 -074.08803873  45.67100825 -074.08804020
112  45.67106508 -074.08804546  45.67108859 -074.08804899
111  45.67112256 -074.08805496
112  45.67119804 -074.08806635  45.67122901 -074.08807173
111  45.67125160 -074.08807242
111  45.67131684 -074.08808252
111  45.67144184 -074.08810211
111  45.67160525 -074.08812335
112  45.67171147 -074.08812267  45.67173511 -074.08812055
112  45.67177965 -074.08811051  45.67179784 -074.08810444
112  45.67184356 -074.08808924  45.67187170 -074.08807973
111  45.67190381 -074.08807426
111  45.67196926 -074.08805886
111  45.67205234 -074.08803151
111  45.67212473 -074.08800042
111  45.67220752 -074.08796916
111  45.67231438 -074.08792516
111  45.67241305 -074.08781892
111  45.67301154 -074.08778992
111  45.67312112 -074.08888416
111  45.67285237 -074.08940923
111  45.67204614 -074.08959298
111  45.67125465 -074.08875286
113  45.67097545 -074.08880928
110 1 0.00 0.0 New Taxiway 4
111  45.68548080 -074.01188296
111  45.68305473 -074.01533594
111  45.68290986 -074.01512624
111  45.68465334 -074.01261143
113  45.68523261 -074.01182068
110 1 0.00 0.0 New Taxiway 3
111  45.68570732 -074.01002210
111  45.68623237 -074.01083397
111  45.68548080 -074.01188296
111  45.68523261 -074.01182068
112  45.68520548 -074.01177955  45.68520615 -074.01177781
111  45.68525126 -074.01171730
111  45.68528641 -074.01167177
111  45.68533681 -074.01160008
111  45.68543050 -074.01146505
111  45.68540086 -074.01142292
111  45.68559329 -074.01115729
111  45.68560914 -074.01112197
111  45.68561831 -074.01108756
111  45.68562599 -074.01103706
111  45.68563416 -074.01097999
111  45.68563997 -074.01094097
111  45.68564354 -074.01090466
112  45.68564502 -074.01085678  45.68564455 -074.01083347
111  45.68564160 -074.01080517
111  45.68563469 -074.01074267
111  45.68562936 -074.01070626
111  45.68562270 -074.01066448
111  45.68561732 -074.01062657
111  45.68558646 -074.01054969
113  45.68547360 -074.01040712
110 1 0.00 0.0 New Taxiway 1
111  45.68508696 -074.01037394
111  45.68489190 -074.01064652
111  45.68486293 -074.01060907
111  45.68466782 -074.01088742
111  45.68465310 -074.01086642
111  45.68247617 -074.01394720
111  45.68232783 -074.01374767
111  45.68441675 -074.01077216
113  45.68480762 -074.01021461
110 1 0.00 0.0 New Taxiway 20
111  45.68112130 -074.00937357
111  45.68028015 -074.00979650
111  45.68021711 -074.00949089
111  45.68095868 -074.00913556
113  45.68121890 -074.00900400
110 1 0.00 0.0 New Taxiway 19
111  45.68484197 -074.00360345
111  45.68519545 -074.00214093
111  45.68539799 -074.00223795
113  45.68509355 -074.00347285
110 1 0.00 0.0 New Taxiway 17
111  45.68489320 -074.00948317
111  45.68479445 -074.00934323
111  45.68481509 -074.00931725
112  45.68472702 -074.00919134  45.68469530 -074.00914864
111  45.68458395 -074.00897799
111  45.68447266 -074.00883341
111  45.68426744 -074.00862430
111  45.68412193 -074.00851039
112  45.68399417 -074.00843951  45.68399062 -074.00843951
112  45.68383801 -074.00836610  45.68383624 -074.00836610
112  45.68348667 -074.00830534  45.68348489 -074.00830534
111  45.68326663 -074.00831800
111  45.68285673 -074.00848254
112  45.68264202 -074.00859392  45.68264202 -074.00859646
111  45.68212565 -074.00884453
111  45.68189852 -074.00896350
111  45.68170865 -074.00906475
111  45.68148329 -074.00918373
111  45.68128278 -074.00928090
111  45.68112130 -074.00937357
111  45.68121890 -074.00900400
111  45.68225696 -074.00847495
111  45.68294546 -074.00812057
111  45.68320808 -074.00803703
111  45.68338907 -074.00800524
111  45.68361704 -074.00800461
111  45.68388415 -074.00807668
111  45.68412548 -074.00818637
111  45.68421598 -074.00825219
111  45.68446263 -074.00828003
111  45.68451764 -074.00840661
111  45.68469153 -074.00872557
111  45.68493286 -074.00905719
111  45.68496125 -074.00910276
111  45.68497900 -074.00906732
113  45.68510150 -074.00924234
110 1 0.00 0.0 New Taxiway 16
111  45.68591831 -074.00912833
111  45.68590835 -074.00914683
111  45.68571493 -074.00947431
111  45.68570499 -074.00951872
111  45.68569915 -074.00956085
111  45.68569398 -074.00960937
111  45.68568750 -074.00964954
111  45.68568117 -074.00968654
111  45.68567634 -074.00973576
111  45.68567549 -074.00980561
111  45.68568145 -074.00985054
111  45.68568890 -074.00990002
111  45.68569603 -074.00993987
111  45.68570146 -074.00997945
111  45.68570732 -074.01002210
111  45.68547360 -074.01040712
111  45.68544680 -074.01038118
111  45.68541884 -074.01036345
111  45.68538870 -074.01034503
111  45.68535980 -074.01033751
111  45.68532723 -074.01032906
111  45.68529150 -074.01031570
111  45.68525796 -074.01031623
111  45.68521596 -074.01032849
111  45.68519054 -074.01034368
112  45.68515673 -074.01035702  45.68514422 -074.01036190
111  45.68511605 -074.01037159
111  45.68508696 -074.01037394
111  45.68480762 -074.01021461
111  45.68484393 -074.01009080
111  45.68489203 -074.00995491
111  45.68491481 -074.00985699
111  45.68492005 -074.00979627
111  45.68492080 -074.00972914
111  45.68492162 -074.00967869
111  45.68491896 -074.00962960
111  45.68491644 -074.00957268
111  45.68490914 -074.00952461
111  45.68489320 -074.00948317
111  45.68510150 -074.00924234
111  45.68512823 -074.00920681
111  45.68516312 -074.00924844
111  45.68518865 -074.00926228
111  45.68522473 -074.00927286
111  45.68525782 -074.00927734
111  45.68532485 -074.00927896
111  45.68536553 -074.00926678
111  45.68539484 -074.00925670
111  45.68542946 -074.00924471
111  45.68545051 -074.00923583
111  45.68556421 -074.00906947
111  45.68558536 -074.00909896
113  45.68573836 -074.00888360
110 1 0.00 0.0 New Taxiway 18
111  45.68421598 -074.00825219
111  45.68419208 -074.00817668
111  45.68412705 -074.00792084
111  45.68406310 -074.00755054
111  45.68405295 -074.00729021
111  45.68405341 -074.00697600
111  45.68408872 -074.00664253
111  45.68413415 -074.00640882
111  45.68417680 -074.00620949
111  45.68424171 -074.00595932
111  45.68436725 -074.00548582
111  45.68474955 -074.00397213
111  45.68500001 -074.00383650
111  45.68494984 -074.00403137
111  45.68480930 -074.00461098
111  45.68461510 -074.00539472
111  45.68452823 -074.00573005
111  45.68436547 -074.00640312
111  45.68429137 -074.00676694
111  45.68427025 -074.00701440
111  45.68425998 -074.00727298
111  45.68426505 -074.00741728
111  45.68428171 -074.00758074
111  45.68431611 -074.00778626
111  45.68435430 -074.00795478
111  45.68440498 -074.00813731
113  45.68446263 -074.00828003
110 1 0.00 0.0 New Taxiway 14
111  45.68932211 -074.00420454
111  45.68810095 -074.00593801
111  45.68737870 -074.00696965
111  45.68657516 -074.00811358
111  45.68591831 -074.00912833
111  45.68573836 -074.00888360
111  45.68748114 -074.00639817
111  45.68839351 -074.00510495
113  45.68906126 -074.00407035
110 1 0.00 0.0 New Taxiway 11
111  45.68500001 -074.00383650
111  45.68474955 -074.00397213
111  45.68375860 -074.00447509
111  45.68368757 -074.00419553
111  45.68484197 -074.00360345
113  45.68509355 -074.00347285
110 1 0.00 0.0 New Taxiway 8
111  45.69004809 -074.00316190
111  45.68932211 -074.00420454
111  45.68906126 -074.00407035
111  45.68908078 -074.00403744
112  45.68910762 -074.00398205  45.68912425 -074.00394873
111  45.68915414 -074.00389543
111  45.68921976 -074.00378110
111  45.68923694 -074.00374883
111  45.68925823 -074.00369314
111  45.68926356 -074.00364757
111  45.68926888 -074.00357162
111  45.68926947 -074.00350492
111  45.68927065 -074.00344250
111  45.68927323 -074.00338035
111  45.68927598 -074.00334630
111  45.68928130 -074.00330832
111  45.68926888 -074.00320959
111  45.68925113 -074.00317921
111  45.68921387 -074.00312351
111  45.68914289 -074.00302984
111  45.68902932 -074.00289567
111  45.68892996 -074.00280707
111  45.68894415 -074.00274884
111  45.68876336 -074.00262172
111  45.68877302 -074.00258224
111  45.68869140 -074.00254086
111  45.68856442 -074.00248049
111  45.68839761 -074.00241720
111  45.68814032 -074.00238429
111  45.68789366 -074.00241720
111  45.68742698 -074.00260707
111  45.68742875 -074.00258682
111  45.68724953 -074.00268554
111  45.68605531 -074.00329817
111  45.68500001 -074.00383650
111  45.68509355 -074.00347285
111  45.68531536 -074.00336905
111  45.68581399 -074.00311084
111  45.68613924 -074.00294601
111  45.68680150 -074.00261153
111  45.68714013 -074.00243432
111  45.68740778 -074.00230141
111  45.68755713 -074.00222335
111  45.68773014 -074.00215162
111  45.68793864 -074.00209466
111  45.68823734 -074.00208833
111  45.68834085 -074.00210310
111  45.68848872 -074.00212841
111  45.68866335 -074.00219329
111  45.68873038 -074.00222686
111  45.68884163 -074.00228587
112  45.68887942 -074.00231029  45.68888299 -074.00231232
112  45.68890652 -074.00233064  45.68890795 -074.00233165
112  45.68893873 -074.00235426  45.68894087 -074.00235528
111  45.68896893 -074.00237799
111  45.68900649 -074.00241035
111  45.68904557 -074.00244315
111  45.68907074 -074.00246286
111  45.68908828 -074.00242347
111  45.68910273 -074.00243712
111  45.68912769 -074.00245991
112  45.68915888 -074.00248859  45.68915982 -074.00248954
111  45.68919174 -074.00251856
112  45.68922520 -074.00255065  45.68922805 -074.00255370
111  45.68925729 -074.00258727
111  45.68928582 -074.00262525
111  45.68931910 -074.00266561
111  45.68937282 -074.00273989
111  45.68939564 -074.00270224
111  45.68943842 -074.00277006
111  45.68948122 -074.00282669
112  45.68951473 -074.00285180  45.68951687 -074.00285180
112  45.68958533 -074.00287114  45.68964160 -074.00288809
111  45.68963311 -074.00288538
111  45.68968823 -074.00288953
111  45.68973651 -074.00289047
111  45.68982699 -074.00286559
113  45.68992459 -074.00278214
110 1 0.00 0.0 New Taxiway 4
111  45.69066669 -074.00142352
111  45.69070025 -074.00132951
112  45.69072595 -074.00124167  45.69072772 -074.00123661
112  45.69074632 -074.00116937  45.69074809 -074.00116178
112  45.69076126 -074.00111168  45.69076304 -074.00109902
111  45.69076481 -074.00108889
111  45.69077723 -074.00103572
112  45.69079675 -074.00096230  45.69079853 -074.00095471
112  45.69080385 -074.00090661  45.69080563 -074.00089395
112  45.69080385 -074.00087369  45.69080385 -074.00085850
111  45.69081450 -074.00080534
111  45.69081982 -074.00065849
111  45.69083934 -074.00037494
111  45.69082159 -074.00011421
112  45.69079498 -073.99992939  45.69078788 -073.99987876
112  45.69076304 -073.99974964  45.69075417 -073.99969900
112  45.69074174 -073.99963064  45.69073642 -073.99960533
112  45.69070692 -073.99951320  45.69069273 -073.99946509
112  45.69066183 -073.99938271  45.69064941 -073.99935993
111  45.69062096 -073.99929157
112  45.69056224 -073.99915556  45.69055692 -073.99914037
112  45.69051626 -073.99906386  45.69050463 -073.99904526
112  45.69046832 -073.99898412  45.69044880 -073.99895121
112  45.69040162 -073.99889092  45.69037855 -073.99886307
112  45.69033109 -073.99879626  45.69030815 -073.99876886
112  45.69026367 -073.99871351  45.69023848 -073.99868582
112  45.69022038 -073.99866411  45.69021328 -073.99865905
112  45.69013802 -073.99858524  45.69012560 -073.99857511
111  45.69005468 -073.99851359
111  45.69001296 -073.99848035
112  45.68993425 -073.99842711  45.68991473 -073.99841699
112  45.68986503 -073.99838497  45.68984619 -073.99837688
111  45.68978938 -073.99835835
112  45.68972722 -073.99834193  45.68968884 -073.99833481
112  45.68961210 -073.99832019  45.68959258 -073.99831512
112  45.68953079 -073.99829942  45.68952192 -073.99829436
112  45.68945270 -073.99828528  45.68944028 -073.99828021
111  45.68940590 -073.99827922
112  45.68932738 -073.99826905  45.68930786 -073.99826905
112  45.68924495 -073.99826660  45.68922720 -073.99826660
112  45.68917658 -073.99827806  45.68916183 -073.99828245
111  45.68908235 -073.99829818
111  45.68900632 -073.99831670
111  45.68891568 -073.99834718
111  45.68885548 -073.99837492
111  45.68833202 -073.99865087
111  45.68821668 -073.99871163
111  45.68819848 -073.99865474
111  45.68770179 -073.99890424
111  45.68717133 -073.99919734
111  45.68625933 -073.99976807
111  45.68677928 -073.99902760
111  45.68698429 -073.99894363
111  45.68741970 -073.99873802
111  45.68781258 -073.99852815
112  45.68788980 -073.99849104  45.68791210 -073.99848064
111  45.68797537 -073.99844934
111  45.68803369 -073.99841549
111  45.68810041 -073.99839114
112  45.68819083 -073.99833013  45.68819696 -073.99832575
112  45.68827913 -073.99828074  45.68830059 -073.99827199
112  45.68841018 -073.99821251  45.68841136 -073.99821210
112  45.68851162 -073.99817413  45.68853615 -073.99816551
112  45.68860768 -073.99812556  45.68864105 -073.99811539
111  45.68871834 -073.99807184
111  45.68891604 -073.99798994
111  45.68913168 -073.99789849
112  45.68916150 -073.99789849  45.68916362 -073.99789849
111  45.68918918 -073.99789849
112  45.68922751 -073.99789849  45.68923602 -073.99789849
111  45.68927009 -073.99789849
112  45.68932759 -073.99789849  45.68933184 -073.99789849
111  45.68936165 -073.99789849
111  45.68939998 -073.99790152
112  45.68943405 -073.99790760  45.68943618 -073.99790760
112  45.68948516 -073.99791368  45.68949155 -073.99791671
112  45.68951710 -073.99791975  45.68951923 -073.99791975
111  45.68955330 -073.99792279
112  45.68960014 -073.99793494  45.68960440 -073.99793798
111  45.68964060 -073.99795013
112  45.68967893 -073.99796228  45.68968319 -073.99796532
112  45.68973642 -073.99798051  45.68974281 -073.99798355
112  45.68979460 -073.99800242  45.68981141 -073.99800725
111  45.68990347 -073.99804620
111  45.69000024 -073.99809345
112  45.69006222 -073.99813241  45.69006648 -073.99813848
112  45.69014100 -073.99819317  45.69015378 -073.99819925
111  45.69018359 -073.99822659
111  45.69024960 -073.99827520
111  45.69032839 -073.99834203
111  45.69040374 -073.99841933
111  45.69047490 -073.99850058
111  45.69053919 -073.99858508
111  45.69060223 -073.99867676
111  45.69065975 -073.99875331
111  45.69073296 -073.99888582
111  45.69084711 -073.99911484
111  45.69097962 -073.99952179
111  45.69116357 -074.00026006
113  45.69068690 -074.00138770
110 1 0.00 0.0 New Taxiway 3
111  45.69455147 -073.99237434
111  45.69438403 -073.99267490
111  45.69425117 -073.99293293
111  45.69412938 -073.99323835
111  45.69353520 -073.99476536
111  45.69223982 -073.99811428
111  45.69138361 -074.00031526
111  45.69116357 -074.00026006
111  45.69287775 -073.99584381
113  45.69429314 -073.99212421
110 1 0.00 0.0 New Taxiway 2
111  45.69390646 -073.98887360
111  45.69410246 -073.98914464
111  45.69507431 -073.98913586
111  45.69564634 -073.98995200
111  45.69563712 -073.99063659
111  45.69503433 -073.99145720
111  45.69476061 -073.99190042
111  45.69455147 -073.99237434
111  45.69429314 -073.99212421
111  45.69438848 -073.99184775
111  45.69446537 -073.99157568
111  45.69450831 -073.99140474
111  45.69455148 -073.99122901
111  45.69458224 -073.99102276
111  45.69458576 -073.99082682
111  45.69448997 -073.99053567
111  45.69437310 -073.99032064
111  45.69409939 -073.98999155
113  45.69353464 -073.98940589
110 1 0.00 0.0 New Taxiway 4
111  45.67288951 -074.05392306
111  45.67309440 -074.05420312
111  45.67408473 -074.05399613
111  45.67500461 -074.05380131
111  45.67515687 -074.05345187
111  45.67510642 -074.05295078
111  45.67669285 -074.05263228
111  45.67682720 -074.05387965
111  45.67688666 -074.05441274
111  45.67689413 -074.05454508
111  45.67535254 -074.05486206
111  45.67528542 -074.05437564
111  45.67508626 -074.05409788
111  45.67312124 -074.05450187
113  45.67298404 -074.05487430
110 1 0.00 0.0 New Taxiway 3
111  45.69042165 -073.98993147
111  45.69111573 -073.98897037
111  45.69147738 -073.98952865
113  45.69079335 -073.99046935
110 1 0.00 0.0 New Taxiway 2
111  45.69134387 -073.99099628
111  45.69112702 -073.99068686
111  45.69183072 -073.98961973
111  45.69110933 -073.98858415
111  45.69280878 -073.98630457
113  45.69360489 -073.98777280
120 Linear Feature 9
111  45.67217652 -074.04397678 51 102
112  45.67185306 -074.04391564  45.67179018 -074.04381651 51 102
115  45.67173027 -074.04353556
120 Linear Feature 8
111  45.67217647 -074.04397653 51 102
112  45.67188080 -074.04420144  45.67184402 -074.04437025 51 102
115  45.67184676 -074.04461314
120 Linear Feature 7
111  45.68250398 -074.02646727 51 102
115  45.68248321 -074.02643894
120 Linear Feature 6
111  45.68220764 -074.02695533 51 102
115  45.68217185 -074.02690592
120 Linear Feature 5
111  45.68185512 -074.02747413 51 102
115  45.68181318 -074.02741484
120 Linear Feature 4
111  45.68153262 -074.02792540 51 102
115  45.68147759 -074.02785074
120 Linear Feature 3
111  45.68047066 -074.02773825 51 102
112  45.68080830 -074.02771476  45.68113359 -074.02771476 51 102
112  45.68142171 -074.02790681  45.68161078 -074.02775409 51 102
112  45.68305239 -074.02535943  45.68306178 -074.02500300 51 102
116  45.68288522 -074.02429618  45.68293463 -074.02422569
120 Linear Feature 2
111  45.67552958 -074.02608867 51 102
112  45.67667513 -074.02671791  45.67688147 -074.02712388 51 102
112  45.67891638 -074.02980336  45.67913728 -074.02973516 51 102
111  45.68428840 -074.02227249 51 102
112  45.68416744 -074.02166356  45.68380220 -074.02128292 51 102
112  45.68201150 -074.01897379  45.68169844 -074.01934936 51 102
115  45.67656846 -074.02657612
120 Linear Feature 16
111  45.67463856 -074.02555607 51 102
112  45.67455276 -074.02536459  45.67453941 -074.02525606 51 102
115  45.67456774 -074.02513777
120 Linear Feature 15
111  45.67696824 -074.02193589 51 102
112  45.67694656 -074.02178036  45.67694722 -074.02169449 51 102
115  45.67701596 -074.02157397
120 Linear Feature 14
111  45.67670853 -074.02199907 51 102
112  45.67685442 -074.02190873  45.67690076 -074.02190666 51 102
115  45.67696824 -074.02193589
120 Linear Feature 12
111  45.67701596 -074.02157397 51 102
112  45.67686367 -074.02165157  45.67680435 -074.02164673 51 102
115  45.67672478 -074.02161501
120 Linear Feature 11
111  45.67628429 -074.02259412 51 102
111  45.67489637 -074.02451247 51 102
112  45.67455208 -074.02518003  45.67448752 -074.02537186 51 102
115  45.67448214 -074.02546393
120 Linear Feature 10
111  45.67552578 -074.02607780 51 102
115  45.67448214 -074.02546393
120 Linear Feature 9
111  45.67878898 -074.01907242 51 102
111  45.67778239 -074.01763746 51 102
112  45.67716080 -074.01620883  45.67709355 -074.01557185 51 102
115  45.67717426 -074.01476620
120 Linear Feature 8
111  45.67762506 -074.02073420 51 102
115  45.68526784 -074.00982764
120 Linear Feature 7
111  45.67687478 -074.02177041 51 102
112  45.67636997 -074.02116292  45.67627675 -074.02096349 51 102
112  45.67604626 -074.01980176  45.67602375 -074.01917453 51 102
111  45.67640745 -074.01781375 51 102
115  45.67797299 -074.01159131
120 Linear Feature 5
111  45.67757498 -074.02301157 51 102
115  45.67687478 -074.02177041
120 Linear Feature 13
111  45.67670853 -074.02199907 51 102
112  45.67678678 -074.02177193  45.67677462 -074.02169881 51 102
115  45.67672478 -074.02161501
120 Linear Feature 4
111  45.67762506 -074.02073420 51 102
115  45.67629262 -074.02257265
120 Linear Feature 3
111  45.67771180 -074.04308321 51 102
112  45.67772696 -074.04282896  45.67777075 -074.04274320 51 102
115  45.67781034 -074.04274388
120 Linear Feature 2
111  45.67771180 -074.04308321 51 102
112  45.67763752 -074.04285844  45.67758941 -074.04278318 51 102
115  45.67752201 -074.04280299
120 Linear Feature 13
111  45.67390406 -074.03267163 51 102
112  45.67379254 -074.03255916  45.67377286 -074.03249006 51 102
115  45.67379694 -074.03242513
120 Linear Feature 12
111  45.67390406 -074.03267163 51 102
112  45.67377397 -074.03269216  45.67372740 -074.03272987 51 102
115  45.67369993 -074.03279271
120 Linear Feature 11
111  45.67374284 -074.03263224 51 102
112  45.67437932 -074.03287904  45.67449081 -074.03301428 51 102
112  45.67469398 -074.03322531  45.67479401 -074.03322085 51 102
112  45.67491071 -074.03318816  45.67497739 -074.03317478 51 102
115  45.67506908 -074.03315546
120 Linear Feature 10
111  45.69103762 -074.00087600 51 102
112  45.69078726 -073.99927085  45.69056130 -073.99882183 51 102
112  45.69007417 -073.99828011  45.68978856 -073.99805906 51 102
112  45.68899717 -073.99811909  45.68856516 -073.99819218 51 102
112  45.68723984 -073.99902481  45.68700875 -073.99913330 51 102
115  45.68656632 -073.99933309
120 Linear Feature 9
111  45.67162942 -074.05356769 51 102
111  45.67124117 -074.05510560 51 102
111  45.66988121 -074.05996572 51 102
111  45.66870449 -074.06429361 51 102
112  45.66858489 -074.06482402  45.66855897 -074.06498671 51 102
115  45.66852573 -074.06522365
120 Linear Feature 8
111  45.67294512 -074.06473609 51 102
112  45.67276245 -074.06423509  45.67271231 -074.06377523 51 102
111  45.67212860 -074.05810756 51 102
115  45.67154667 -074.05281414
120 Linear Feature 7
111  45.67314233 -074.06796070 51 102
112  45.67288035 -074.06856642  45.67277208 -074.06877942 51 102
112  45.67233900 -074.06945568  45.67212620 -074.06965270 51 102
112  45.67161098 -074.06980710  45.67136084 -074.06982839 51 102
112  45.67075976 -074.06957812  45.67049469 -074.06938642 51 102
112  45.66994962 -074.06863032  45.66973681 -074.06830551 51 102
112  45.66922534 -074.06733113  45.66910960 -074.06710750 51 102
112  45.66874373 -074.06624493  45.66866906 -074.06609052 51 102
115  45.66859044 -074.06584497
120 Linear Feature 6
111  45.67093539 -074.08842108 51 102
112  45.67243324 -074.08909362  45.67266269 -074.08891760 51 102
112  45.67280097 -074.08845194  45.67280097 -074.08812517 51 102
112  45.67281489 -074.08708580  45.67283044 -074.08682488 51 102
112  45.67294964 -074.08554842  45.67297598 -074.08528537 51 102
111  45.67310741 -074.08411565 51 102
111  45.67331275 -074.08254483 51 102
111  45.67357409 -074.08043263 51 102
111  45.67382921 -074.07817844 51 102
112  45.67399721 -074.07676290  45.67400611 -074.07645362 51 102
111  45.67376501 -074.07433126 51 102
111  45.67353722 -074.07184214 51 102
111  45.67321710 -074.06873857 51 102
111  45.67290137 -074.06546326 51 102
112  45.67294512 -074.06473609  45.67306534 -074.06453587 51 102
112  45.67387474 -074.06438356  45.67386464 -074.06416598 51 102
115  45.67371980 -074.06300837
120 Linear Feature 5
111  45.67371980 -074.06300837 51 102
115  45.67281638 -074.05441303
120 Linear Feature 1
111  45.67715695 -074.04312330 51 102
112  45.67707309 -074.04295618  45.67700417 -074.04291075 51 102
115  45.67693833 -074.04292296
120 Linear Feature 70
111  45.67159367 -074.04221949 51 102
112  45.67155069 -074.04119279  45.67160978 -074.04084801 51 102
111  45.67192134 -074.03957612 51 102
111  45.67403463 -074.03151724 51 102
112  45.67553175 -074.02608435  45.67570048 -074.02557955 51 102
111  45.67685514 -074.02404422 51 102
111  45.68323131 -074.01491159 51 102
112  45.68589459 -074.01088041  45.68594530 -074.01069035 51 102
112  45.68526784 -074.00982764  45.68527579 -074.00969250 51 102
111  45.68690313 -074.00744721 51 102
111  45.68985967 -074.00323640 51 102
112  45.69050131 -074.00218747  45.69067509 -074.00180604 51 102
111  45.69169098 -073.99923132 51 102
111  45.69411038 -073.99305362 51 102
112  45.69464027 -073.99167544  45.69475616 -073.99137595 51 102
112  45.69498396 -073.99040587  45.69496135 -073.98997238 51 102
112  45.69441680 -073.98974128  45.69423995 -073.98960852 51 102
115  45.69374128 -073.98911126
120 Linear Feature 62
111  45.67281638 -074.05441303 51 102
115  45.67197475 -074.04579718
120 Linear Feature 60
111  45.67309443 -074.05435231 51 102
115  45.67281638 -074.05441303
120 Linear Feature 59
111  45.67309443 -074.05435231 51 102
111  45.67506861 -074.05394029 51 102
112  45.67540063 -074.05413806  45.67553119 -074.05430213 51 102
112  45.67577046 -074.05443024  45.67592597 -074.05443251 51 102
112  45.67611582 -074.05412042  45.67616883 -074.05400030 51 102
112  45.67611885 -074.05357609  45.67603606 -074.05337145 51 102
112  45.67564020 -074.05333285  45.67551877 -074.05343061 51 102
112  45.67535333 -074.05374912  45.67526127 -074.05388941 51 102
115  45.67506861 -074.05394029
120 Linear Feature 56
111  45.68037278 -074.04324042 51 102
115  45.68026904 -074.04223617
120 Linear Feature 55
111  45.68017833 -074.04331477 51 102
115  45.68008398 -074.04227954
120 Linear Feature 54
111  45.67996846 -074.04337278 51 102
115  45.67986983 -074.04231530
120 Linear Feature 53
111  45.67978601 -074.04342742 51 102
115  45.67969958 -074.04234182
120 Linear Feature 52
111  45.67958865 -074.04346889 51 102
115  45.67949742 -074.04240299
120 Linear Feature 51
111  45.67939043 -074.04351730 51 102
115  45.67929665 -074.04244303
120 Linear Feature 50
111  45.67919794 -074.04355117 51 102
115  45.67911962 -074.04247998
120 Linear Feature 49
111  45.67903733 -074.04361684 51 102
115  45.67895554 -074.04251078
120 Linear Feature 48
111  45.67885382 -074.04366253 51 102
115  45.67875692 -074.04255081
120 Linear Feature 47
111  45.67866314 -074.04370134 51 102
115  45.67856478 -074.04259700
120 Linear Feature 46
111  45.67849427 -074.04372092 51 102
115  45.67839031 -074.04262538
120 Linear Feature 45
111  45.67827606 -074.04373959 51 102
115  45.67816930 -074.04267458
120 Linear Feature 44
111  45.67805187 -074.04380197 51 102
115  45.67794262 -074.04271770
120 Linear Feature 43
111  45.67779744 -074.04386902 51 102
115  45.67767688 -074.04276559
120 Linear Feature 42
111  45.67752946 -074.04390978 51 102
115  45.67740686 -074.04282446
120 Linear Feature 41
111  45.67727382 -074.04397454 51 102
115  45.67712440 -074.04288624
120 Linear Feature 40
111  45.67287473 -074.04379184 51 102
111  45.67499559 -074.04332288 51 102
115  45.68060012 -074.04216938
120 Linear Feature 39
111  45.67178904 -074.04407210 51 102
115  45.67286043 -074.04380782
120 Linear Feature 38
111  45.67197475 -074.04579718 51 102
115  45.67159004 -074.04223541
120 Linear Feature 2
111  45.67715695 -074.04312330 51 102
112  45.67718143 -074.04295620  45.67720341 -074.04290792 51 102
115  45.67725875 -074.04285704
120 Linear Feature 9
111  45.67309759 -074.05435366
115  45.67506695 -074.05394089
1300  45.68267230 -074.02669419 -49.5 misc heavy|jets|fighters New Ramp Start 29
1300  45.68238823 -074.02717615 -43.1 misc heavy|jets|fighters New Ramp Start 28
1300  45.68200625 -074.02767383 -52.4 misc heavy|jets|fighters New Ramp Start 27
1300  45.68165324 -074.02811249 -49.9 misc heavy|jets|fighters New Ramp Start 26
1300  45.68039625 -074.04346246 -82.7 misc heavy|jets|fighters New Ramp Start 13
1300  45.67981092 -074.04354784 -85.9 misc heavy|jets|fighters New Ramp Start 12
1300  45.67941208 -074.04367882 -85.1 misc heavy|jets|fighters New Ramp Start 11
1300  45.67867060 -074.04381121 -83.2 misc heavy|jets|fighters New Ramp Start 9
1300  45.67830186 -074.04401153 -83.4 misc heavy|jets|fighters New Ramp Start 8
1300  45.67782006 -074.04411122 -81.5 misc heavy|jets|fighters New Ramp Start 7
1300  45.67729001 -074.04417482 -79.4 misc heavy|jets|fighters New Ramp Start 6
99
